[  8.46192422e-01   1.14453530e-01   1.92151565e-02   1.12226013e-02
   7.36940467e-03   9.44102790e-04   4.40816352e-04   1.61966479e-04]
[[-0.43754019 -0.39832312 -0.36086742 -0.33023393 -0.31022434 -0.31536151
  -0.31999125 -0.33545656]
 [ 0.31794579  0.25492487  0.19551701  0.1660083   0.14330609 -0.05334761
  -0.4747209  -0.72069106]
 [-0.24554753 -0.15771252 -0.0203799   0.015494    0.06389526  0.50696713
   0.5739223  -0.56893997]
 [ 0.48645667  0.22072466 -0.18372721 -0.29244968 -0.31130842 -0.44771736
   0.51164275 -0.19030493]
 [ 0.34637745  0.08642594 -0.27542138 -0.37005737 -0.3626108   0.66289459
  -0.28429736  0.08951539]
 [-0.5331053   0.8209516  -0.01344702 -0.17979111 -0.09548147  0.01218202
  -0.00478427 -0.00659827]
 [-0.07742498 -0.10588549  0.72261508  0.05246811 -0.67621038  0.02011073
   0.01215846 -0.00744551]
 [-0.01903021  0.1005817  -0.44628071  0.77820287 -0.42937734  0.01589226
   0.00921175 -0.00725741]]
[ 0.31794579  0.25492487  0.19551701  0.1660083   0.14330609 -0.05334761
 -0.4747209  -0.72069106]